0.0170207
0.016806699999999994
0.017893199999999998
0.017278500000000002
0.019181300000000012
0.017188300000000017
0.017621300000000006
0.01787150000000004
0.01774239999999999
0.017938800000000032
0.02502169999999998
0.018909600000000026
0.018973999999999935
0.018889399999999945
0.019123800000000024
0.019025999999999987
0.02254669999999992
0.019446500000000033
0.0199144
0.01975170000000004
0.019877000000000034
0.021621599999999908
0.02020309999999992
0.020361199999999968
0.020822000000000118
0.020651900000000056
0.0212962000000001
0.022076100000000043
0.02255089999999993
0.022474400000000117
0.024162899999999876
0.022796199999999933
0.023407900000000037
0.023968299999999942
0.022001599999999844
0.02283410000000008
0.022331099999999937
0.022772600000000143
0.02297949999999993
0.023058799999999824
0.023185299999999964
0.02645659999999994
0.023672499999999985
0.02401389999999992
0.023704700000000134
0.023807899999999993
0.02452589999999999
0.024539499999999936
0.024935999999999847
0.024820899999999924
0.02513349999999992
0.02477280000000004
0.025840699999999828
0.02512099999999995
0.025413399999999697
0.02580209999999994
0.025611099999999887
0.02596860000000012
0.02626579999999956
0.031010299999999713
0.02702289999999996
0.026761299999999988
0.027170899999999776
0.030870199999999848
0.02712910000000024
0.0273270000000001
0.027428200000000125
0.027942599999999818
0.027672799999999942
0.028496999999999773
0.02840089999999984
0.03166340000000023
0.028477000000000086
0.02870460000000019
0.029142400000000013
0.03291200000000005
0.02937810000000063
0.02996450000000017
0.029492999999999547
0.03570850000000014
0.029961399999999472
0.02998330000000049
0.029989800000000066
0.03094579999999958
0.03073650000000061
0.03312300000000068
0.030968299999999616
0.030933299999999164
0.03141420000000039
0.031149899999999953
0.036929799999999346
0.03445639999999983
0.03254369999999973
0.03201680000000007
0.03356790000000043
0.034004799999999946
0.03340219999999938
0.032778500000000044
0.0335586999999995
0.03634740000000036
0.040074399999999955
0.034683099999999634
0.038108999999999504
0.039214000000000304
0.03417599999999954
0.03395169999999936
0.03646849999999979
0.035524100000000836
0.03648430000000058
0.03657449999999951
0.03827349999999985
0.03902479999999997
0.036805399999999544
0.03697980000000012
0.03701500000000024
0.037516799999999684
0.04269519999999982
0.04680139999999966
0.04110060000000004
0.03677049999999937
0.0384266000000002
0.04563309999999987
0.03948520000000055
0.03809079999999998
0.043378999999999834
0.03916969999999953
0.03795169999999981
0.04370769999999968
0.04080580000000111
0.04158040000000085
0.043378799999999273
0.038488700000000264
0.03856260000000056
0.043294500000000014
0.039498400000001155
0.038873099999999994
0.04022589999999937
0.04154360000000068
0.04020720000000111
0.04232260000000032
0.041274599999999495
0.04739269999999962
0.040351700000000434
0.040810800000000924
0.045496399999999326
0.04161769999999976
0.04076790000000052
0.04151569999999971
0.04113599999999984
0.041261499999999174
0.04228750000000048
0.04242499999999971
0.05214590000000108
0.04221620000000037
0.04384489999999985
0.04304620000000092
0.042955599999999095
0.046685499999998825
0.04622700000000002
0.0432971000000002
0.05786559999999952
0.043501600000000806
0.043978400000000306
0.0443611999999991
0.044489999999999696
0.04846590000000006
0.044787699999998765
0.044443899999999203
0.04499260000000049
0.04480919999999955
0.05027600000000021
0.04681270000000026
0.04607939999999999
0.046256500000000145
0.045493199999999234
0.05136390000000013
0.046234499999998846
0.04683729999999997
0.0465561000000001
0.046852000000001226
0.05381530000000012
0.04801890000000064
0.05235749999999939
0.04726340000000029
0.04735739999999922
0.049361499999999836
0.047497299999999854
0.05258189999999985
0.04915140000000129
0.04919130000000038
0.04966379999999937
0.048710700000000884
0.054112599999999844
0.048921299999999945
0.05373570000000072
0.050978799999999325
0.05580679999999916
0.04933229999999966
0.050067000000000306
0.05059859999999894
0.05059490000000011
0.0505513999999998
0.051065600000001155
0.05793349999999897
0.05195560000000121
0.05461669999999863
0.050995900000000205
0.0607943000000013
0.0526151999999982
0.053378500000000884
0.05555259999999862
0.05398829999999677
0.052169400000000365
0.05319430000000125
0.05343779999999754
0.05293490000000034
0.05368040000000107
0.053574599999997474
0.05428330000000159
0.0533469999999987
0.05751280000000136
0.054343799999998055
0.059361300000002615
0.055239600000000166
0.05913929999999823
0.05512129999999971
0.06035789999999963
0.054661399999996974
0.05951909999999927
0.057571299999999326
0.06182030000000083
0.05715510000000279
0.061116399999999516
0.057860500000000314
0.05619300000000038
0.05611130000000131
0.05774230000000102
0.057641000000000275
0.06217940000000155
0.0578544999999977
0.06182060000000078
0.05758939999999768
0.06399259999999884
0.0574532000000012
0.06192549999999741
0.059890299999999286
0.06948030000000216
0.061434899999998294
0.06611020000000067
0.060538999999998566
0.05956019999999995
0.05979619999999741
0.06210959999999943
0.06066339999999926
0.06102139999999778
0.061525599999999514
0.05982669999999857
0.06003690000000006
0.059669499999998266
0.0653345000000023
0.060637599999999736
0.06490319999999983
0.062214199999999664
0.06781129999999891
0.06335750000000218
0.06173779999999951
0.062411400000002004
0.06274330000000106
0.06234430000000302
0.06235590000000002
0.06575619999999915
0.06313320000000289
0.06766659999999902
0.06242629999999849
0.06899879999999925
0.06387710000000268
0.06358909999999796
0.0655803999999982
0.06520790000000076
0.06894130000000231
0.06446100000000143
0.07075299999999984
0.06374790000000274
0.06444830000000223
0.06501920000000183
0.06497590000000031
0.0712110999999993
0.06552620000000076
0.0692920000000008
0.06561549999999983
0.06476920000000064
0.06750149999999877
0.06575660000000028
0.07135119999999873
0.0683431999999975
0.07150190000000123
0.069374100000001
0.07000779999999907
0.06798829999999967
0.06692699999999974
0.07384910000000033
0.06882009999999994
0.06934200000000246
0.06959120000000141
0.06867319999999921
0.07544670000000053
0.07027599999999978
0.06897690000000267
0.06882530000000031
0.06887370000000104
0.07214500000000257
0.06824489999999983
0.06932409999999933
0.07555539999999894
0.07004579999999905
0.07465090000000174
0.07049250000000029
0.07099820000000179
0.07541080000000022
0.07041930000000107
0.07150800000000146
0.07795219999999858
0.07218939999999918
0.07119730000000146
0.0725722000000033
0.0721592999999956
0.07677849999999609
0.07450579999999718
0.07341470000000072
0.07690350000000024
0.07308650000000227
0.07580040000000565
0.07893150000000304
0.07312369999999646
0.07347120000000018
0.07271479999999997
0.07418919999999929
0.0794864000000004
0.07398680000000013
0.0749382000000054
0.07988449999999858
0.07470469999999807
0.07448090000000462
0.08026089999999897
0.0764616000000018
0.07558859999999612
0.08072299999999899
0.07665569999999633
0.07810289999999753
0.08515750000000111
0.07738100000000259
0.08130799999999994
0.07609150000000398
0.08154220000000123
0.07728589999999969
0.0783919999999938
0.08248730000000393
0.07782900000000126
0.07918689999999629
0.08181959999999577
0.07909189999999455
0.0794479999999993
0.08103870000000057
0.07917239999999737
0.07976060000000018
0.08361250000000098
0.07960219999999651
0.0799652999999978
0.07841810000000038
0.08201660000000288
0.07909699999999731
0.08007290000000467
0.08350270000000393
0.08147139999999808
0.07968580000000003
0.08596450000000289
0.08900760000000218
0.10494339999999625
0.08373129999999662
0.08492530000000187
0.08074520000000263
0.08195320000000095
0.08096970000000425
0.08603029999999734
0.08429260000000482
0.082885399999995
0.08725979999999822
0.08202310000000068
0.08284960000000297
0.08180730000000125
0.08670139999999549
0.08201199999999886
0.08269549999999981
0.08860459999999648
0.08325239999999923
0.08657909999999447
0.0838245999999998
0.08678400000000153
0.0830024999999992
0.08411999999999864
