0.019487900000000002
0.020371700000000006
0.019398200000000004
0.01945909999999998
0.020012699999999994
0.01956849999999999
0.019904900000000003
0.0200785
0.02080540000000003
0.021500499999999978
0.020819000000000032
0.0217059
0.02116169999999995
0.022196899999999964
0.021778100000000022
0.021555199999999997
0.022635799999999984
0.022312999999999916
0.022975300000000032
0.02205199999999996
0.022805100000000023
0.02848929999999994
0.022829100000000047
0.02432959999999995
0.023214999999999986
0.023527799999999877
0.030507799999999863
0.025479299999999983
0.02526129999999993
0.02677430000000003
0.02541989999999994
0.02995569999999992
0.026954900000000004
0.026543699999999948
0.025061199999999895
0.02522880000000005
0.03185709999999986
0.02559049999999985
0.025783800000000134
0.02594239999999992
0.026929099999999817
0.02670119999999998
0.026850700000000005
0.03331620000000024
0.02683219999999986
0.03316980000000003
0.02788579999999996
0.02814300000000003
0.027700199999999953
0.028030499999999847
0.02903650000000013
0.028316699999999972
0.029170099999999977
0.029555599999999682
0.032418100000000116
0.029736399999999996
0.029319899999999954
0.029724400000000095
0.03003750000000016
0.03005380000000013
0.031240900000000238
0.03083179999999963
0.030948500000000045
0.03063539999999998
0.030952599999999997
0.03150089999999972
0.031388699999999936
0.03681880000000026
0.031838800000000056
0.03231950000000028
0.03389830000000016
0.032543200000000105
0.03255439999999998
0.032875999999999905
0.03311749999999991
0.033328899999999884
0.0346093999999999
0.034134800000000354
0.03386019999999945
0.033865500000000104
0.03418399999999977
0.034377999999999354
0.038512599999999786
0.034669300000000014
0.03551109999999991
0.03549739999999968
0.03947669999999981
0.036571999999999605
0.03577459999999988
0.036096099999999964
0.039407900000000495
0.03693239999999953
0.041417799999999616
0.041299399999999764
0.038137200000000426
0.03912510000000058
0.04361380000000015
0.03799950000000063
0.0394748000000007
0.03888780000000036
0.040345799999999876
0.04088970000000014
0.04380080000000053
0.03915220000000019
0.03870769999999979
0.04138970000000075
0.0459808000000006
0.041435800000000356
0.040399600000000646
0.0473959000000006
0.04311009999999982
0.04510150000000035
0.04949910000000024
0.0425614999999997
0.041966400000000625
0.04727240000000066
0.04442389999999996
0.04997200000000035
0.042076499999999406
0.04390940000000043
0.043376099999999695
0.0445492999999999
0.04564270000000015
0.04479439999999979
0.04324870000000036
0.04359000000000002
0.04354859999999938
0.04620320000000078
0.04555990000000065
0.04599679999999928
0.04465089999999883
0.04464619999999897
0.043873899999999466
0.04564330000000005
0.04413610000000112
0.05008109999999988
0.04635509999999954
0.04561640000000011
0.04973539999999943
0.048350300000000956
0.04677519999999902
0.04710780000000092
0.04566299999999934
0.04582739999999852
0.04843609999999998
0.047306499999999474
0.05157760000000167
0.04676169999999935
0.04673200000000044
0.05317119999999953
0.047836500000000726
0.05152889999999921
0.050966200000001294
0.04964089999999999
0.05352420000000002
0.04980590000000085
0.0501024000000001
0.04967559999999871
0.05009729999999912
0.049212400000000045
0.0549400999999996
0.04924010000000045
0.05323809999999973
0.049505599999999816
0.05010099999999973
0.051407899999999174
0.050242700000000085
0.05803459999999916
0.05172210000000099
0.051140699999999484
0.05367710000000159
0.05141920000000155
0.056900699999999915
0.051911500000001
0.05519549999999995
0.05294759999999954
0.05192460000000132
0.05635280000000087
0.052495999999999654
0.05448510000000084
0.055127999999999844
0.05718560000000039
0.054553799999998986
0.05357940000000028
0.060825400000000585
0.05468670000000131
0.056503199999999865
0.05636349999999979
0.05604149999999919
0.06174080000000082
0.05597930000000062
0.06121659999999984
0.055457999999999785
0.055739199999999656
0.05614480000000022
0.056134600000000034
0.058087999999999695
0.05645999999999951
0.06121219999999994
0.058028399999999536
0.06124430000000025
0.05717000000000105
0.05847430000000031
0.05972110000000086
0.05824099999999888
0.059020000000000294
0.05907009999999957
0.060191299999999615
0.06189110000000042
0.06782730000000115
0.07850159999999917
0.0649602999999992
0.061103000000002794
0.06658159999999924
0.06002399999999852
0.0645939999999996
0.06185830000000081
0.06669459999999816
0.061202800000000224
0.06079079999999948
0.060979299999999625
0.06174830000000142
0.061567099999997765
0.062066700000002584
0.06284810000000007
0.06326300000000273
0.06209949999999864
0.0623541000000003
0.06352339999999757
0.06323910000000055
0.06394840000000102
0.06402689999999822
0.06411449999999874
0.06704320000000052
0.06797560000000047
0.06494830000000107
0.07409889999999919
0.06740359999999868
0.0647075000000008
0.06436049999999938
0.06567450000000008
0.06574849999999799
0.06527110000000036
0.065982199999997
0.06785280000000071
0.07033060000000191
0.0691954999999993
0.07012590000000074
0.06824960000000146
0.0747251999999996
0.06701779999999857
0.07584989999999792
0.06844590000000039
0.07079900000000094
0.07028190000000123
0.07433250000000058
0.06794430000000062
0.07559419999999761
0.06794140000000226
0.07011440000000135
0.06980430000000126
0.06881950000000003
0.07072690000000037
0.07296029999999831
0.07527260000000169
0.0700327999999999
0.07712439999999887
0.07071979999999911
0.07433200000000184
0.07242670000000118
0.07184949999999901
0.07090670000000188
0.0705264000000021
0.0717624999999984
0.07278349999999989
0.07926729999999793
0.07244090000000014
0.07671459999999897
0.073329600000001
0.07299469999999886
0.07213099999999883
0.07309749999999937
0.07677839999999847
0.0741341999999996
0.07740850000000066
0.07399120000000181
0.0742761999999999
0.07323989999999725
0.07478359999999995
0.08108930000000214
0.0743286999999988
0.07864389999999943
0.07706170000000157
0.07602239999999938
0.07570790000000116
0.07569270000000117
0.08076619999999934
0.07617500000000277
0.07992219999999861
0.0762849999999986
0.07789560000000151
0.0837532000000003
0.07986689999999896
0.08439010000000025
0.08136950000000098
0.07831730000000192
0.08354289999999764
0.07774300000000167
0.0844951000000016
0.07866280000000003
0.07752669999999995
0.08320099999999897
0.07887360000000143
0.07962769999999963
0.08366460000000231
0.08017859999999999
0.08718370000000064
0.08093510000000137
0.10188600000000037
0.08449099999999987
0.08115420000000029
0.08253870000000063
0.08589350000000096
0.08047260000000378
0.0882417999999987
0.0823011999999963
0.08230849999999634
0.08813540000000586
0.08273699999999451
0.0834058000000013
0.08570939999999894
0.0830598000000009
0.08401250000000005
0.0862803999999997
0.08349139999999977
0.0879338999999959
0.08414280000000218
0.08357720000000057
0.0926614999999984
0.08600400000000263
0.08568770000000114
0.09161799999999687
0.08484719999999868
0.08618280000000311
0.09001099999999695
0.08610529999999983
0.08852690000000507
0.09246980000000349
0.09215429999999714
0.09793289999999644
0.09802789999999817
0.09321369999999973
0.0882442999999995
0.08845530000000679
0.09102519999999714
0.08850650000000115
0.08702549999999576
0.09274660000000523
0.0897041999999999
0.09035579999999754
0.09493509999999361
0.08967080000000038
0.09222199999999958
0.0940511000000015
0.0899550999999974
0.0931090999999995
0.09563229999999834
0.09435470000000379
0.08917220000000015
0.0899954000000065
0.0975417999999948
0.09204859999999826
0.08992740000000055
0.09507050000000561
0.09199040000000025
0.09303420000000528
0.09471270000000231
0.1034152000000006
0.09397900000000448
0.09131639999999663
0.09829690000000113
0.09894919999999985
0.09276609999999863
0.09287359999999723
0.10110259999999727
0.09308070000000157
0.0927603000000019
0.09813799999999873
0.09875060000000246
0.09341350000000403
0.09395699999999607
0.09960769999999997
0.09394960000000196
0.095000799999994
0.09974829999999457
0.10021480000000338
0.09604919999999595
0.09574539999999843
0.10038519999999806
0.1034945000000036
